Prova sorting su array di interi: Mac OS X Java 1.6.0_37
                          ssort           ssortMAX             msort            isort      
                    casuale    ord    casuale    ord    casuale    ord    casuale    ord   
size =  100000  31198,86 32018,11; 6216,63 5875,79;   18,26    5,59; 3479,07    0,25;
size =  200000  55690,21 47713,84; 21189,39 21691,34;   38,90   12,70; 12776,83    0,52;
size =  300000  106923,85 106254,61; 48186,88 47994,85;   59,54   19,17; 29409,31    0,93;
size =  400000  193014,56 193601,94; 84973,13 85382,83;   80,57   25,68; 55182,43    1,01;
size =  500000  299000,85 301652,11; 153336,50 136075,86;  101,19   31,21; 79760,94    1,33;
size =  600000  430456,28 440004,05; 210882,09 192119,19;  156,81   38,52; 115675,13    1,55;
size =  700000  589960,58 596775,06; 304905,55 308296,09;  147,47   45,08; 186846,50    1,93;
size =  800000  834758,31 875496,80; 381436,19 393501,21;  174,99   55,80; 220258,12    2,17;
size =  900000  1062421,17 1052736,26; 492999,51 484317,24;  196,08   58,02; 290636,71    2,37;
size = 1000000  1338585,43 1349332,54; 653975,57 656628,90;  213,43   72,36; 385797,78    2,64;
size = 1100000  1742723,71 1711359,60; 762979,41 751470,30;  237,01   74,29; 425837,84    3,27;
size = 1200000  1866084,62 1866323,87; 883911,86 883881,19;  272,74   86,94; 517422,13    3,22;
size = 1300000  2264973,97 2221513,06; 1076314,66 1041861,29;  282,63  100,06; 631952,81    3,46;
size = 1400000  2654739,69 2643714,12; 1234148,04 1234078,74;  316,62  104,23; 769674,58   11,25;
